+--------------+---------+--------------+-------+--------------+--------------+--------------+-----------+----------+----+-----------+-----------+----+-------------+-------------+-----------+-----------+-----+-------------+-----------+----------+------------+-----------+-------------+
|              | asmt_op | charAt_label | comma | concat_label | double_label | double_token | end_paren | end_stmt | id | int_label | int_token | op | print_label | start_paren | str_label | str_token | EOF | start_brace | end_brace | if_label | else_label | for_label | while_label |
+--------------+---------+--------------+-------+--------------+--------------+--------------+-----------+----------+----+-----------+-----------+----+-------------+-------------+-----------+-----------+-----+-------------+-----------+----------+------------+-----------+-------------+
| asmt         | 0       | 0            | 0     | 0            | 1            | 0            | 0         | 0        | 1  | 1         | 0         | 0  | 0           | 0           | 1         | 0         | 0   | 0           | 0         | 0        | 0          | 0         | 0           |
+--------------+---------+--------------+-------+--------------+--------------+--------------+-----------+----------+----+-----------+-----------+----+-------------+-------------+-----------+-----------+-----+-------------+-----------+----------+------------+-----------+-------------+
| charAt_expr  | 0       | 1            | 0     | 0            | 0            | 0            | 0         | 0        | 0  | 0         | 0         | 0  | 0           | 0           | 0         | 0         | 0   | 0           | 0         | 0        | 0          | 0         | 0           |
+--------------+---------+--------------+-------+--------------+--------------+--------------+-----------+----------+----+-----------+-----------+----+-------------+-------------+-----------+-----------+-----+-------------+-----------+----------+------------+-----------+-------------+
| concat_expr  | 0       | 0            | 0     | 1            | 0            | 0            | 0         | 0        | 0  | 0         | 0         | 0  | 0           | 0           | 0         | 0         | 0   | 0           | 0         | 0        | 0          | 0         | 0           |
+--------------+---------+--------------+-------+--------------+--------------+--------------+-----------+----------+----+-----------+-----------+----+-------------+-------------+-----------+-----------+-----+-------------+-----------+----------+------------+-----------+-------------+
| double_expr  | 0       | 0            | 0     | 0            | 0            | 1            | 0         | 0        | 1  | 0         | 0         | 0  | 0           | 0           | 0         | 0         | 0   | 0           | 0         | 0        | 0          | 0         | 0           |
+--------------+---------+--------------+-------+--------------+--------------+--------------+-----------+----------+----+-----------+-----------+----+-------------+-------------+-----------+-----------+-----+-------------+-----------+----------+------------+-----------+-------------+
| expr         | 0       | 1            | 0     | 1            | 0            | 1            | 0         | 0        | 1  | 0         | 1         | 0  | 0           | 0           | 0         | 1         | 0   | 0           | 0         | 0        | 0          | 0         | 0           |
+--------------+---------+--------------+-------+--------------+--------------+--------------+-----------+----------+----+-----------+-----------+----+-------------+-------------+-----------+-----------+-----+-------------+-----------+----------+------------+-----------+-------------+
| int_expr     | 0       | 1            | 0     | 1            | 0            | 1            | 0         | 0        | 1  | 0         | 1         | 0  | 0           | 0           | 0         | 0         | 0   | 0           | 0         | 0        | 0          | 0         | 0           |
+--------------+---------+--------------+-------+--------------+--------------+--------------+-----------+----------+----+-----------+-----------+----+-------------+-------------+-----------+-----------+-----+-------------+-----------+----------+------------+-----------+-------------+
| print_stmt   | 0       | 0            | 0     | 0            | 0            | 0            | 0         | 0        | 0  | 0         | 0         | 0  | 1           | 0           | 0         | 0         | 0   | 0           | 0         | 0        | 0          | 0         | 0           |
+--------------+---------+--------------+-------+--------------+--------------+--------------+-----------+----------+----+-----------+-----------+----+-------------+-------------+-----------+-----------+-----+-------------+-----------+----------+------------+-----------+-------------+
| program      | 0       | 1            | 0     | 1            | 1            | 1            | 0         | 0        | 1  | 1         | 1         | 0  | 1           | 0           | 1         | 1         | 1   | 0           | 0         | 1        | 0          | 1         | 1           |
+--------------+---------+--------------+-------+--------------+--------------+--------------+-----------+----------+----+-----------+-----------+----+-------------+-------------+-----------+-----------+-----+-------------+-----------+----------+------------+-----------+-------------+
| stmt         | 0       | 1            | 0     | 1            | 1            | 1            | 0         | 0        | 1  | 1         | 1         | 0  | 1           | 0           | 1         | 1         | 0   | 0           | 0         | 1        | 0          | 1         | 1           |
+--------------+---------+--------------+-------+--------------+--------------+--------------+-----------+----------+----+-----------+-----------+----+-------------+-------------+-----------+-----------+-----+-------------+-----------+----------+------------+-----------+-------------+
| stmt_lst     | 0       | 1            | 0     | 1            | 1            | 1            | 0         | 0        | 1  | 1         | 1         | 0  | 1           | 0           | 1         | 1         | 1   | 0           | 0         | 1        | 0          | 1         | 1           |
+--------------+---------+--------------+-------+--------------+--------------+--------------+-----------+----------+----+-----------+-----------+----+-------------+-------------+-----------+-----------+-----+-------------+-----------+----------+------------+-----------+-------------+
| str_expr     | 0       | 1            | 0     | 1            | 0            | 0            | 0         | 0        | 1  | 0         | 0         | 0  | 0           | 0           | 0         | 1         | 0   | 0           | 0         | 0        | 0          | 0         | 0           |
+--------------+---------+--------------+-------+--------------+--------------+--------------+-----------+----------+----+-----------+-----------+----+-------------+-------------+-----------+-----------+-----+-------------+-----------+----------+------------+-----------+-------------+
| str_literal  | 0       | 0            | 0     | 0            | 0            | 0            | 0         | 0        | 1  | 0         | 0         | 0  | 0           | 0           | 0         | 1         | 0   | 0           | 0         | 0        | 0          | 0         | 0           |
+--------------+---------+--------------+-------+--------------+--------------+--------------+-----------+----------+----+-----------+-----------+----+-------------+-------------+-----------+-----------+-----+-------------+-----------+----------+------------+-----------+-------------+
| double_token | 0       | 0            | 0     | 0            | 0            | 1            | 0         | 0        | 1  | 0         | 0         | 0  | 0           | 0           | 0         | 0         | 0   | 0           | 0         | 0        | 0          | 0         | 0           |
+--------------+---------+--------------+-------+--------------+--------------+--------------+-----------+----------+----+-----------+-----------+----+-------------+-------------+-----------+-----------+-----+-------------+-----------+----------+------------+-----------+-------------+
| int_token    | 0       | 0            | 0     | 0            | 0            | 0            | 0         | 0        | 1  | 0         | 1         | 0  | 0           | 0           | 0         | 0         | 0   | 0           | 0         | 0        | 0          | 0         | 0           |
+--------------+---------+--------------+-------+--------------+--------------+--------------+-----------+----------+----+-----------+-----------+----+-------------+-------------+-----------+-----------+-----+-------------+-----------+----------+------------+-----------+-------------+
| str_token    | 0       | 0            | 0     | 0            | 0            | 0            | 0         | 0        | 1  | 0         | 0         | 0  | 0           | 0           | 0         | 1         | 0   | 0           | 0         | 0        | 0          | 0         | 0           |
+--------------+---------+--------------+-------+--------------+--------------+--------------+-----------+----------+----+-----------+-----------+----+-------------+-------------+-----------+-----------+-----+-------------+-----------+----------+------------+-----------+-------------+
| r_asmt       | 0       | 0            | 0     | 0            | 0            | 0            | 0         | 0        | 1  | 0         | 0         | 0  | 0           | 0           | 0         | 0         | 0   | 0           | 0         | 0        | 0          | 0         | 0           |
+--------------+---------+--------------+-------+--------------+--------------+--------------+-----------+----------+----+-----------+-----------+----+-------------+-------------+-----------+-----------+-----+-------------+-----------+----------+------------+-----------+-------------+
| b_stmt       | 0       | 1            | 0     | 1            | 0            | 1            | 0         | 0        | 1  | 0         | 1         | 0  | 1           | 0           | 0         | 1         | 0   | 0           | 0         | 0        | 0          | 0         | 0           |
+--------------+---------+--------------+-------+--------------+--------------+--------------+-----------+----------+----+-----------+-----------+----+-------------+-------------+-----------+-----------+-----+-------------+-----------+----------+------------+-----------+-------------+
| b_stmt_lst   | 0       | 1            | 0     | 1            | 0            | 1            | 0         | 0        | 1  | 0         | 1         | 0  | 1           | 0           | 0         | 1         | 0   | 0           | 1         | 0        | 0          | 0         | 0           |
+--------------+---------+--------------+-------+--------------+--------------+--------------+-----------+----------+----+-----------+-----------+----+-------------+-------------+-----------+-----------+-----+-------------+-----------+----------+------------+-----------+-------------+
| if_stmt      | 0       | 0            | 0     | 0            | 0            | 0            | 0         | 0        | 0  | 0         | 0         | 0  | 0           | 0           | 0         | 0         | 0   | 0           | 0         | 1        | 0          | 0         | 0           |
+--------------+---------+--------------+-------+--------------+--------------+--------------+-----------+----------+----+-----------+-----------+----+-------------+-------------+-----------+-----------+-----+-------------+-----------+----------+------------+-----------+-------------+
| for_stmt     | 0       | 0            | 0     | 0            | 0            | 0            | 0         | 0        | 0  | 0         | 0         | 0  | 0           | 0           | 0         | 0         | 0   | 0           | 0         | 0        | 0          | 1         | 0           |
+--------------+---------+--------------+-------+--------------+--------------+--------------+-----------+----------+----+-----------+-----------+----+-------------+-------------+-----------+-----------+-----+-------------+-----------+----------+------------+-----------+-------------+
| while_stmt   | 0       | 0            | 0     | 0            | 0            | 0            | 0         | 0        | 0  | 0         | 0         | 0  | 0           | 0           | 0         | 0         | 0   | 0           | 0         | 0        | 0          | 0         | 1           |
+--------------+---------+--------------+-------+--------------+--------------+--------------+-----------+----------+----+-----------+-----------+----+-------------+-------------+-----------+-----------+-----+-------------+-----------+----------+------------+-----------+-------------+